CODIGO_BARRAS
014666000014
019100171374
019100179295
019100179301
019100179370
022200969000
035000393746
035000491107
035000530806
037836040108
037836040207
037836050657
037836093050
045893058066
078729621240
078729651476
078729725429
079400553003
099176232339
099176263982
099176316367
099176316732
1302003
3014260304782
3600520625072
3600521718551
3607340269028
4005800079221
4005808177660
4005808225958
4005808297252
4005808381531
4005808569625
4005808584772
4005808680252
4005808803033
4005808806850
4005808829958
4005808837311
4005808855728
4005900006080
4005900031341
4005900036629
42185369
6370
6379
6380
650240004025
650240013911
650240019197
650240020186
650240020193
650240021855
650240027246
650240027253
6910021007206
6926360987055
6935249631828
75001858
75001872
7501006726725
7501022102787
7501022102848
7501022102879
7501022103869
7501022104262
7501022104989
7501022109458
7501022130001
7501022132715
7501022150160
7501022150221
7501022150795
7501022183397
7501022183502
7501022183632
7501022183878
7501027220622
7501027224682
7501027229151
7501027233974
7501027243362
7501027247032
7501027247285
7501027275363
7501035901780
7501035906808
7501035907584
7501035908130
7501035908208
7501035908277
7501035911024
7501035911086
7501035911376
7501035912496
7501039701072
7501039701133
7501039703700
7501039703717
7501046104552
7501046196779
7501054520184
7501056321284
7501056342470
7501056344320
7501056344344
7501056344627
7501056359231
7501059300460
7501059300958
7501059308008
7501059349438
7501059355507
7501065631060
7501185730544
7501289901444
7501289901499
7501289901529
7501289901536
7501438303396
7501438311100
7501438326074
7501438326081
7501454775009
7501454792013
7501454792235
7501454792273
7501454792310
7501454792433
7501737409508
7501737412867
7501737413710
7501737414458
7501737414496
7501737414526
7501737415189
7501737415196
7501737416483
7501737420053
7501737431257
7501737490018
7501737490070
7501737493217
7501839105452
7501839111989
7501839112924
7501839114485
7501839115079
7501839129335
7501839165081
7501839194869
7501839195378
7501839196528
7501839199741
7501846500912
7501846502336
7501846503098
75020484
7502221010170
7502221096068
7502221181146
7502221181214
7502221181467
7502221182044
7502221182075
7502221182136
7502221182167
7502221182174
7502221182181
7502221182266
7502221182464
7502221182488
7502221182501
7502221182792
7502221184222
7502221184291
7502221184567
7502221184673
7502221184710
7502221184758
7502221184796
7502221184802
7502221184857
7502221184895
7502221185304
7502221185823
7502221186288
7502244761844
7502244761875
7502244763541
7502244764845
7502244766610
7502244767129
7502245720031
7502245720062
7502245720086
7502245720161
75028947
7503001167046
7503001167084
7503007859099
7503007859525
7503007859563
7503007859570
7503007859648
7503010569060
7503010569336
7503016269582
7503016269803
7503016269964
7503016269988
75043315
7506078920217
7506078920224
7506078934528
7506078934856
7506078935495
7506078939318
7506078940512
7506078944947
7506078946521
7506078948037
7506078948068
7506078959033
7506078971974
7506078975248
7506078980235
7506078984257
7506195125601
7506195155493
7506205272103
7506205272509
7506295302278
7506295310327
7506295351573
7506306200289
7506306201163
7509546000305
7509546001296
7509546004792
7509546009049
7509546009087
7509546017952
7509546018928
7509546018935
7509546026909
7509546026992
7509546027029
7509546028897
7509546031309
7509546032214
7509546032245
7509546032269
7509546032313
7509546032320
7509546032887
7509546032894
7509546035956
7509546038322
7509546038339
7509546039732
7509546042305
7509546042312
7509546042350
7509546042442
7509546043791
7509546044330
7509546044415
7509546045689
7509546045795
7509546045863
7509546047720
7509546047942
7509546048031
7509546048222
7509546048253
7509546048284
7509546048963
7509546050751
7509546050874
7509546050935
7509546050997
7509546051178
7509546051239
7509546051307
7509546051475
7509546051611
7509546051840
7509546052045
7509546052304
7509546052571
7509546052854
7509546053103
7509546053752
7509546053813
7509546054001
7509546054032
7509546055091
7509546055282
7509546055305
7509546056371
7509546056401
7509546056760
7509546056807
7509546056883
7509546057026
7509546057095
7509546057125
7509546057569
7509546057576
7509546057927
7509546058214
7509546058405
7509546058566
7509546058795
7509546058832
7509546058962
7509546058979
7509546059013
7509546059068
7509546059167
7509546059181
7509546059211
7509546059273
7509546059747
7509546060064
7509546060675
7509546060712
7509546060859
7509546060866
7509546060897
7509546061085
7509546061368
7509546061931
7509546062075
7509546062082
7509546062273
7509546062570
7509546062686
7509546062907
7509546062921
7509546062983
7509546063362
7509546063379
7509546064581
7509546065007
7509552158083
7509552903355
7509552903362
7509552903744
7509552903898
7509552903904
7509552903911
7509552903928
7509552903942
7509552903980
7702003476594
7702006912136
7702010130489
7702010420313
7702010631191
7791293006154
7791293008127
7791293009155
7791293014012
7791293017464
7791293018997
7791293025001
7791293025797
7791293025810
7791293025858
7791293025865
7791293028774
7791293990583
7791293990620
7795646571023
7804925193075
7804960970778
7891024026748
7891024136089
7891024136379
7891024136461
7891024136812
7891024178591
7891024179666
7891024179901
78924239
78925526
8024417183189
8410190562172
8411061561263
8412300817028
8414135625809
8714789653549
885575000002
